100007090030020008009600500005300900010080002600004000300000010040000007007000300
100000002090400050006000700050903000000070000000850040700000600030009080002000001
120300004350000100004000000005400200600070000000008090003100500000009070000060008
800000000003600000070090200050007000000045700000100030001000068008500010090000400
003006080000100200000070004009008060030040001070200000300005000005000600980000050
020403700000000032000000004040200070800050000000001000500000900030900007001008600
700000400020070080003008009000500300060020090001007006000300900030040060009001005
000300500050010030007004001200000400060090000001006002800700200090080050005009007
500200300000080090002004006600100900010000040007003008700300400090070020005006009
400600300010020060008007001900800500040050010000002007500000600030080040000009005
000000800070090010003007005100600000050020040008009007400000200060010050000006003
500400800000090010002001005600300400050070000004000008300600700060000080008002001
000030071500402000000000000200600400038070000000000000070080010600500200000000000
600000300050090080002006009800000700070050040000001005100300500040020060008007002
300500100070000080008004006600400900030060050007001004800100300000020060002009000
000000040002004001070050090003007000040060000600100800020000100850900060000080003
600100700000070080009008003700400500030000020004005008100200400000000050006009000
000000940000090005300005070080400100463000000000007080800700000700000028050260000
000070940070090005300005070087400100463080000000007080800700000700000028050268000
600900400040050030008006005500700300070020000002005004100600000000030080006002001
100050000000201000003070060000000009620000007085930000030060080070000100500004070
300060100650290000000000008810070500004300900005002007000430090000007006400000800
100600000070309040004070002010700009037000200500000006000005900002030000780010000
040200008001050040200800700008000097000600300095700000000000060704010002000003100
600040003010000070005000800000502000300090002000100000008000900070000050200030004
060000070900080006003009100008095000020400060000210800005000600300040008040000020
100080500050000240000024031005830000600000070000160002300450600008010000090000000
003000090800021006050000000060250740000073005500000200200007080000490100090500000
600000010007000000050083020000040300002806000070000050000009100008235000000010004
300700020008040009000050001002400000500030400000008030004600000900203000010000067
020000000000053009000120580900000036000080010000200700708006000309000005040000060
000000010231600009900000070020090000000401006100200500008000000300080900640900002
020070930000000008700000050800004000300100060000090100490800005000003000056002000
000408603870030000000500000016300007308200500000006000021000068005000700000003004
030000082002090000004006700000043000010000500700605020090200006006500009000000310
900700100020010007000500600000000560000003200100050008240081300015420006009000002
100007090030029008009600500005300900010080002600004000300000010040000007007000300
100007090030020008009600500005300900010080002600004000300000019040000007007000300
100007090030020008009600500005300900010080002600004000300000010041000007007000300
100080002090400050006000700050903000000070000000850040700000600030009080002000001
100300002090400050006000700050903000000070000000850040700000600030009080002000001
100000062090400050006000700050903000000070000000850040700000600030009080002000001
100005002090400050006000700050903000000070000000850040700000600030009080002000001
100000002090400150006000700050903000000070000000850040700000600030009080002000001
100000002090400050006090700050903000000070000000850040700000600030009080002000001
100000002090400050006000700450903000000070000000850040700000600030009080002000001
100000002090400050506000700050903000000070000000850040700000600030009080002000001
100000002090400050006000700050923000000070000000850040700000600030009080002000001
100000002090400050006000700050903000900070000000850040700000600030009080002000001
100000002090400050006000700050903000000074000000850040700000600030009080002000001
100000002090400050006000700050903000000070005000850040700000600030009080002000001
100000002090400050006000700050903000000070300000850040700000600030009080002000001
100000002090400050006000700050903000000070000000851040700000600030009080002000001
100000002090400050006000700050903000000070000000850040710000600030009080002000001
100000002090400050006000700050903000000070000300850040700000600030009080002000001
100000002090400050006000700050903000000070000000850040700500600030009080002000001
100000002090400050006000700050903000000070000000850040700000603030009080002000001
100000002090400050006000700050903000000070000000850049700000600030009080002000001
100000002090400050006000700050903000000070000000850040700008600030009080002000001
100000002090400050006000700050903000000070000000850040700000600630009080002000001
100000002090400050006000700050903000000070000000850040700000600030009080002030001
100000002090400050006000700050903000000070000000850040700000600030009080002000501
120300004350040100004000000005400200600070000000008090003100500000009070000060008
100000002090400050006000700050903000008070000000850040700000600030009080002000001
120300004350800100004000000005400200600070000000008090003100500000009070000060008
120300004350000100004020000005400200600070000000008090003100500000009070000060008
120300004350000100004001000005400200600070000000008090003100500000009070000060008
120300004350000100004000050005400200600070000000008090003100500000009070000060008
120300004350000100004000000005410200600070000000008090003100500000009070000060008
120300004350000100004000000085400200600070000000008090003100500000009070000060008
120300004350000100004000003005400200600070000000008090003100500000009070000060008
120300004350000100004000000005400200601070000000008090003100500000009070000060008
120300004350000100004000000005400200600970000000008090003100500000009070000060008
120300004350000100004000000005400200600070000200008090003100500000009070000060008
120300004350000100004000000005400200600070005000008090003100500000009070000060008
120300004350000100004000000005400200600070000040008090003100500000009070000060008
120300004350000100004000000005400200600070800000008090003100500000009070000060008
120300004350000100004000000005400200600070000000008090003180500000009070000060008
120300004350000100004000000005400200600070000000008090003100509000009070000060008
120300004350000100004000000005400200600070000000008090003100500010009070000060008
120300004350000100004000000005400200600070000000008090003100500000009370000060008
120300004350000100004000000005400200600070000000008090003100500000009070500060008
120300004350000100004000000005400200600070000000008090003100500000009070002060008
120300004350000100004000000005400200600070000000008090003100500000009070000760008
120300004350000100004000000005400200600070000000008090003100500000009070000063008
120300004350000100004000000005400200600070000000008090003100500000009070000060018
810000000003600000070090200050007000000045700000100030001000068008500010090000400
800700000003600000070090200050007000000045700000100030001000068008500010090000400
800050000003600000070090200050007000000045700000100030001000068008500010090000400
800000000903600000070090200050007000000045700000100030001000068008500010090000400
800000040003600000070090200050007000000045700000100030001000068008500010090000400
800000000003602000070090200050007000000045700000100030001000068008500010090000400
800000000003600070070090200050007000000045700000100030001000068008500010090000400
100000002090400050006000700050903000000070000000850040709000600030009080002000001
800000000003600000070090280050007000000045700000100030001000068008500010090000400
800000000003600000075090200050007000000045700000100030001000068008500010090000400
800000000003600000670090200050007000000045700000100030001000068008500010090000400
800000000003600000070090200050007090000045700000100030001000068008500010090000400
800000000003600000070090200050007000000045720000100030001000068008500010090000400
800000000003600000070090200050007000000045700080100030001000068008500010090000400
800000000003600000070090200050007000000045700007100030001000068008500010090000400
800000000003600000070090200050007000000045700000100030001070068008500010090000400
800000000003600000070090200050007000000045700000100030001004068008500010090000400
800000000003600000070090200050007000000045700000100030001000068008500910090000400
800000000003600000070090200050007000000045700000100030001000068008500010090000402
003406080000100200000070004009008060030040001070200000300005000005000600980000050
800000000003600000070090200050007000000045700000100030001000068008500010090010400
003006080007100200000070004009008060030040001070200000300005000005000600980000050
003006080050100200000070004009008060030040001070200000300005000005000600980000050
003006080000100230000070004009008060030040001070200000300005000005000600980000050
003006080000100200000072004009008060030040001070200000300005000005000600980000050
003006080000100200006070004009008060030040001070200000300005000005000600980000050
003006080000100206000070004009008060030040001070200000300005000005000600980000050
003006780000100200000070004009008060030040001070200000300005000005000600980000050
003006080000100200000070004049008060030040001070200000300005000005000600980000050
003006080000100200000070504009008060030040001070200000300005000005000600980000050
003006080000100200000070004209008060030040001070200000300005000005000600980000050
003006080000100200000070004009008060530040001070200000300005000005000600980000050
003006080000100200000070004009008060038040001070200000300005000005000600980000050
003006080000100200000070004009008060030640001070200000300005000005000600980000050
003006080000100200000070004009008060030040021070200000300005000005000600980000050
003006080000100200000070014009008060030040001070200000300005000005000600980000050
003006080000100200000070004009008060030047001070200000300005000005000600980000050
003006080000100200000070004009008067030040001070200000300005000005000600980000050
003006080000100200000070004009008060030040001070200040300005000005000600980000050
003006080000100200000070004009008060030040001070200000360005000005000600980000050
003006080000100200000070004009008060030040001070200000300905000005000600980000050
003006080000100200000070004009008060030040001070200000300005000705000600980000050
003006080000100200000070004009008060030040001070200005300005000005000600980000050
003006080000100200000070004009008060030040001070200000300005100005000600980000050
003006080000100200000070004009008060030040001070200800300005000005000600980000050
003006080000100200000070004009008060030040001070200000300005000015000600980000050
003006080000100200000070004009008060030040001070200000300005008005000600980000050
003006080000100200000070004009008060030040001070200000300005000005000600980060050
003006080000100200000070004009008060030040001070200000300005000005000600980700050
003006080000100200000070004009008060030040001070200000300005000005000600980000053
700000400020070080003008009000506300060020090001007006000300900030040060009001005
700000400020070080003008009000500300060020090001007006000300900030040060009001035
500200300000080090002034006600100900010000040007003008700300400090070020005006009
100007090030029008009600500005300900010080002600004000300000019040000007007000300
100007090030029008009600500005300900010080002600004000300000010041000007007000300
100007090030020008009600500005300900010080002600004000300000019041000007007000300
100080002090400050006090700050903000000070000000850040700000600030009080002000001
100080002090400050006000700050903000000074000000850040700000600030009080002000001
100300002090400050006090700050903000000070000000850040700000600030009080002000001
100300002090400050006000700050903000000074000000850040700000600030009080002000001
100000062090400150006000700050903000000070000000850040700000600030009080002000001
100000062090400050006000700050903000000074000000850040700000600030009080002000001
100005002090400050506000700050903000000070000000850040700000600030009080002000001
100000002090400150006000700050903000000074000000850040700000600030009080002000001
100000002090400050006090700050903000900070000000850040700000600030009080002000001
100000002090400050006090700050903000000074000000850040700000600030009080002000001
100000002090400050006090700050903000000070000000850040709000600030009080002000001
100000002090400050006090700050903000008070000000850040700000600030009080002000001
100000002090400050006090700050903000000070000000850049700000600030009080002000001
100000002090400050006090700050903000000070000000850040700000600030009080002030001
100000002090400050006000700450903000000074000000850040700000600030009080002000001
100000002090400050506000700050903000000074000000850040700000600030009080002000001
100000002090400050506000700050903000000070000000851040700000600030009080002000001
100000002090400050506000700050903000000070000300850040700000600030009080002000001
100000002090400050006000700050923000000074000000850040700000600030009080002000001
100000002090400050006000700050903000900074000000850040700000600030009080002000001
100000002090400050006000700050903000900070000000850049700000600030009080002000001
100000002090400050006000700050903000900070000000850040709000600030009080002000001
100000002090400050006000700050903000900070000000850040700000600030009080002030001
100000002090400050006000700050903000008074000000850040700000600030009080002000001
100000002090400050006000700050903000000074300000850040700000600030009080002000001
100000002090400050006000700050903000000074000300850040700000600030009080002000001
100000002090400050006000700050903000000074005000850040700000600030009080002000001
100000002090400050006000700050903000000074000000851040700000600030009080002000001
100000002090400050006000700050903000000074000000850040700500600030009080002000001
100000002090400050006000700050903000000074000000850040709000600030009080002000001
100000002090400050006000700050903000000074000000850049700000600030009080002000001
100000002090400050006000700050903000000074000000850040710000600030009080002000001
100000002090400050006000700050903000000074000000850040700008600030009080002000001
100000002090400050006000700050903000000074000000850040700000600630009080002000001
100000002090400050006000700050903000000070305000850040700000600030009080002000001
100000002090400050006000700050903000000070005000851040700000600030009080002000001
100000002090400050006000700050903000000070005000850040700500600030009080002000001
100000002090400050006000700050903000000070005000850040700000600030009080002000501
100000002090400050006000700050903000000070300000850040700500600030009080002000001
100000002090400050006000700050903000008070000000851040700000600030009080002000001
100000002090400050006000700050903000000070000000851040709000600030009080002000001
100000002090400050006000700050903000000070000000851040700000600030009080002030001
100000002090400050006000700050903000000070000000850040709500600030009080002000001
100000002090400050006000700050903000000070000000850040700500600030009080002000501
100000002090400050006000700050903000000070000000850049709000600030009080002000001
100000002090400050006000700050903000000070000000850049700000600030009080002030001
100000002090400050006000700050903000000070000000850040709000600030009080002030001
120300004350040100004001000005400200600070000000008090003100500000009070000060008
120300004350040100004000000085400200600070000000008090003100500000009070000060008
120300004350040100004000000005400200600070000000008090003100509000009070000060008
100000002090400050006000700050903000008070000000850040709000600030009080002000001
120300004350800100004000000005400200600970000000008090003100500000009070000060008
120300004350800100004000000005400200600070000000008090003180500000009070000060008
120300004350000100004021000005400200600070000000008090003100500000009070000060008
120300004350000100004020000005400200600070800000008090003100500000009070000060008
120300004350000100004001000005410200600070000000008090003100500000009070000060008
120300004350000100004001000005400200600970000000008090003100500000009070000060008
120300004350000100004001000005400200600070800000008090003100500000009070000060008
120300004350000100004000050005400200600070000000008090003180500000009070000060008
120300004350000100004000000005410200600970000000008090003100500000009070000060008
120300004350000100004000000085400200600070800000008090003100500000009070000060008
120300004350000100004000000005400200600970005000008090003100500000009070000060008
120300004350000100004000000005400200600970000000008090003180500000009070000060008
120300004350000100004000000005400200600970000000008090003100500010009070000060008
120300004350000100004000000005400200600970000000008090003100500000009070500060008
120300004350000100004000000005400200600970000000008090003100500000009070000063008
120300004350000100004000000005400200600970000000008090003100500000009070000060018
120300004350000100004000000005400200600070005200008090003100500000009070000060008
120300004350000100004000000005400200600070000240008090003100500000009070000060008
120300004350000100004000000005400200600070000200008090003100500000009070002060008
120300004350000100004000000005400200600070005040008090003100500000009070000060008
120300004350000100004000000005400200600070005000008090003100509000009070000060008
120300004350000100004000000005400200600070005000008090003100500000009070000060018
120300004350000100004000000005400200600070800000008090003100500000009070500060008
120300004350000100004000000005400200600070000000008090003180509000009070000060008
120300004350000100004000000005400200600070000000008090003180500000009070500060008
120300004350000100004000000005400200600070000000008090003100500010009070000060018
120300004350000100004000000005400200600070000000008090003100500000009370000063008
120300004350000100004000000005400200600070000000008090003100500000009070500063008
120300004350000100004000000005400200600070000000008090003100500000009070500760008
810050000003600000070090200050007000000045700000100030001000068008500010090000400
810700000003600000070090200050007000000045700000100030001000068008500010090000400
810000000903600000070090200050007000000045700000100030001000068008500010090000400
810000000003600070070090200050007000000045700000100030001000068008500010090000400
810000000003600000070090200050007000000045700000100030001070068008500010090000400
810000000003600000070090200050007000000045700000100030001000068008500010090010400
810000000003600000070090200050007000000045700000100030001000068008500910090000400
800700000903600000070090200050007000000045700000100030001000068008500010090000400
800700040003600000070090200050007000000045700000100030001000068008500010090000400
800750000003600000070090200050007000000045700000100030001000068008500010090000400
800700000003600000070090280050007000000045700000100030001000068008500010090000400
800700000003600000075090200050007000000045700000100030001000068008500010090000400
800700000003600070070090200050007000000045700000100030001000068008500010090000400
800700000003600000070090200050007000000045720000100030001000068008500010090000400
800700000003600000070090200050007000000045700007100030001000068008500010090000400
800700000003600000070090200050007000000045700000100030001070068008500010090000400
800700000003600000070090200050007000000045700000100030001000068008500010090010400
800700000003600000070090200050007000000045700000100030001000068008500910090000400
800050000903600000070090200050007000000045700000100030001000068008500010090000400
800050000003600000075090200050007000000045700000100030001000068008500010090000400
800050000003600000070090200050007000000045700007100030001000068008500010090000400
800050000003600000070090200050007000000045720000100030001000068008500010090000400
800050000003600000070090200050007000000045700000100030001000068008500910090000400
800050000003600000070090200050007000000045700000100030001000068008500010090010400
800000000903602000070090200050007000000045700000100030001000068008500010090000400
800000000903600070070090200050007000000045700000100030001000068008500010090000400
800000000903600000075090200050007000000045700000100030001000068008500010090000400
800000000903600000070090200050007000000045700007100030001000068008500010090000400
800000000903600000070090200050007000000045720000100030001000068008500010090000400
800000000903600000070090280050007000000045700000100030001000068008500010090000400
800000000903600000070090200050007000000045700000100030001070068008500010090000400
800000000903600000070090200050007000000045700000100030001000068008500910090000400
800000000903600000070090200050007000000045700000100030001000068008500010090010400
800000000903600000070090200050007000000045700000100030001000068008500010090000402
800000040003600000070090200050007000000045700000100030001070068008500010090000400
800000040003600000070090200050007000000045700000100030001000068008500010090010400
800000000003602000070090200050007000000045700000100030001000068008500910090000400
800000000003602000070090200050007000000045700000100030001000068008500010090010400
800000000003600070075090200050007000000045700000100030001000068008500010090000400
800000000003600070070090200050007000000045700007100030001000068008500010090000400
800000000003600070070090200050007000000045700000100030001070068008500010090000400
800000000003600070070090200050007000000045700000100030001000068008500010090010400
800000000003600070070090200050007000000045700000100030001000068008500910090000400
800000000003600000070090280050007000000045700007100030001000068008500010090000400
800000000003600000070090280050007000000045700000100030001070068008500010090000400
800000000003600000070090280050007000000045700000100030001000068008500010090010400
800000000003600000675090200050007000000045700000100030001000068008500010090000400
800000000003600000075090200050007000000045700007100030001000068008500010090000400
800000000003600000075090200050007000000045700000100030001070068008500010090000400
800000000003600000075090200050007000000045700000100030001000068008500910090000400
800000000003600000075090200050007000000045700000100030001000068008500010090010400
800000000003600000670090200050007000000045700007100030001000068008500010090000400
800000000003600000670090200050007000000045700000100030001000068008500910090000400
800000000003600000070090200050007090000045700007100030001000068008500010090000400
800000000003600000070090200050007090000045700000100030001000068008500910090000400
800000000003600000070090200050007000000045720007100030001000068008500010090000400
800000000003600000070090200050007000000045720000100030001070068008500010090000400
800000000003600000070090200050007000000045720000100030001000068008500910090000400
800000000003600000070090200050007000000045720000100030001000068008500010090010400
800000000003600000070090200050007000000045700087100030001000068008500010090000400
800000000003600000070090200050007000000045700007100030001000068008500910090000400
800000000003600000070090200050007000000045700007100030001070068008500010090000400
800000000003600000070090200050007000000045700007100030001000068008500010090010400
800000000003600000070090200050007000000045700000100030001070068008500010090010400
800000000003600000070090200050007000000045700000100030001070068008500910090000400
800000000003600000070090200050007000000045700000100030001004068008500010090010400
003406080000100200000072004009008060030040001070200000300005000005000600980000050
003406080000100206000070004009008060030040001070200000300005000005000600980000050
800000000003600000070090200050007000000045700000100030001000068008500910090010400
003406080000100200000070004009008060530040001070200000300005000005000600980000050
003406080000100200000070004009008060030047001070200000300005000005000600980000050
003406080000100200000070004009008060030040001070200000360005000005000600980000050
003406080000100200000070004009008060030040001070200000300905000005000600980000050
003406080000100200000070004009008060030040001070200000300005008005000600980000050
003406080000100200000070004009008060030040001070200000300005000005000600980700050
003406080000100200000070004009008060030040001070200000300005000005000600980000053
003006080007100206000070004009008060030040001070200000300005000005000600980000050
003006080007100200000070004009008060030040001070200000300005008005000600980000050
003006080007100200000070004009008060030040001070200000300005000705000600980000050
003006080007100200000070004009008060030040001070200000360005000005000600980000050
003006080007100200000070004009008060030040001070200000300005000005000600980000053
003006080050100200006070004009008060030040001070200000300005000005000600980000050
003006080050100206000070004009008060030040001070200000300005000005000600980000050
003006080050100200000070504009008060030040001070200000300005000005000600980000050
003006080050100200000070004009008060530040001070200000300005000005000600980000050
003006080050100200000070004009008060038040001070200000300005000005000600980000050
003006080050100200000070004009008060030047001070200000300005000005000600980000050
003006080050100200000070004009008060030040001070200000360005000005000600980000050
003006080050100200000070004009008060030040001070200000300905000005000600980000050
003006080050100200000070004009008060030040021070200000300005000005000600980000050
003006080050100200000070004009008060030040001070200040300005000005000600980000050
003006080050100200000070004009008060030040001070200000300005008005000600980000050
003006080000100236000070004009008060030040001070200000300005000005000600980000050
003006080000100230000070004009008060030040001070200040300005000005000600980000050
003006080000100230000070004009008060030040001070200000360005000005000600980000050
003006080000100230000070004009008060030040001070200000300005008005000600980000050
003006080000100230000070004009008060030040001070200000300005000005000600980000053
003006080000100206000072004009008060030040001070200000300005000005000600980000050
003006080000100200000072004009008060030047001070200000300005000005000600980000050
003006080000100200000072004009008060030040001070200000360005000005000600980000050
003006080000100206006070004009008060030040001070200000300005000005000600980000050
003006080000100200006070014009008060030040001070200000300005000005000600980000050
003006080000100200000072004009008060030040001070200000300005000005000600980000053
003006080000100200006070004009008060030040001070200005300005000005000600980000050
003006080000100200006070004009008060030040001070200000300905000005000600980000050
003006080000100200006070004009008060030040001070200000360005000005000600980000050
003006080000100200006070004009008060030040001070200000300005008005000600980000050
003006080000100200000072004009008060030040001070200000300005008005000600980000050
003006080000100200006070004009008060030040001070200000300005000005000600980000053
003006080000100200006070004009008060030047001070200000300005000005000600980000050
003006080000100206000070004049008060030040001070200000300005000005000600980000050
003006080000100206000070004209008060030040001070200000300005000005000600980000050
003006080000100206000070504009008060030040001070200000300005000005000600980000050
003006080000100206000070014009008060030040001070200000300005000005000600980000050
003006080000100206000070004009008060530040001070200000300005000005000600980000050
003006080000100206000070004009008067030040001070200000300005000005000600980000050
003006080000100206000070004009008060030640001070200000300005000005000600980000050
003006080000100206000070004009008060030040021070200000300005000005000600980000050
003006080000100206000070004009008060030047001070200000300005000005000600980000050
003006080000100206000070004009008060038040001070200000300005000005000600980000050
003006080000100206000070004009008060030040001070200040300005000005000600980000050
003006080000100206000070004009008060030040001070200005300005000005000600980000050
003006080000100206000070004009008060030040001070200000360005000005000600980000050
003006080000100206000070004009008060030040001070200800300005000005000600980000050
003006080000100206000070004009008060030040001070200000300905000005000600980000050
003006080000100206000070004009008060030040001070200000300005000705000600980000050
003006780000100206000070004009008060030040001070200000300005000005000600980000050
003006080000100206000070004009008060030040001070200000300005100005000600980000050
003006080000100206000070004009008060030040001070200000300005000015000600980000050
003006080000100206000070004009008060030040001070200000300005008005000600980000050
003006080000100206000070004009008060030040001070200000300005000005000600980700050
003006080000100206000070004009008060030040001070200000300005000005000600980000053
003006080000100206000070004009008060030040001070200000300005000005000600980060050
003006780000100200000070014009008060030040001070200000300005000005000600980000050
003006780000100200000070004009008060030040001070200000360005000005000600980000050
003006080000100200000070004049008060030040001070200000360005000005000600980000050
003006080000100200000070004049008060030040001070200040300005000005000600980000050
003006080000100200000070004049008060030040001070200000300005000005000600980000053
003006080000100200000070504009008060030040021070200000300005000005000600980000050
003006080000100200000070504009008060030040001070200005300005000005000600980000050
003006080000100200000070504009008060030040001070200000360005000005000600980000050
003006080000100200000070504009008060530040001070200000300005000005000600980000050
003006080000100200000070504009008060030040001070200000300005000005000600980000053
003006080000100200000070004209008060030047001070200000300005000005000600980000050
003006080000100200000070004209008060530040001070200000300005000005000600980000050
003006080000100200000070004209008060030040021070200000300005000005000600980000050
003006080000100200000070004209008060030040001070200000360005000005000600980000050
003006080000100200000070004209008060030040001070200800300005000005000600980000050
003006080000100200000070004209008060030040001070200000300005000005000600980000053
003006080000100200000070004009008060538040001070200000300005000005000600980000050
003006080000100200000070004009008060530047001070200000300005000005000600980000050
003006080000100200000070004009008060530640001070200000300005000005000600980000050
003006080000100200000070004009008060530040001070200005300005000005000600980000050
003006080000100200000070004009008060530040001070200000360005000005000600980000050
003006080000100200000070004009008060530040001070200800300005000005000600980000050
003006080000100200000070004009008060530040001070200000300905000005000600980000050
003006080000100200000070004009008060530040001070200040300005000005000600980000050
003006080000100200000070004009008060530040021070200000300005000005000600980000050
003006080000100200000070004009008060530040001070200000300005008005000600980000050
003006080000100200000070004009008060530040001070200000300005000005000600980060050
003006080000100200000070004009008060530040001070200000300005000005000600980000053
003006080000100200000070004009008060038640001070200000300005000005000600980000050
003006080000100200000070004009008060038040021070200000300005000005000600980000050
003006080000100200000070004009008060038040001070200000360005000005000600980000050
003006080000100200000070004009008060038040001070200000300005000005000600980060050
003006080000100200000070004009008060038040001070200000300005000005000600980000053
003006080000100200000070004009008060038040001070200800300005000005000600980000050
003006080000100200000070004009008060030640021070200000300005000005000600980000050
003006080000100200000070004009008060030640001070200800300005000005000600980000050
003006080000100200000070004009008060030640001070200040300005000005000600980000050
003006080000100200000070004009008060030640001070200000300905000005000600980000050
003006080000100200000070004009008060030640001070200000300005008005000600980000050
003006080000100200000070004009008060030640001070200000300005000005000600980060050
003006080000100200000070004009008060030047021070200000300005000005000600980000050
003006080000100200000070004009008060030040021070200000360005000005000600980000050
003006080000100200000070004009008060030040021070200800300005000005000600980000050
003006080000100200000070004009008060030040021070200000300905000005000600980000050
003006080000100200000070004009008067030040021070200000300005000005000600980000050
003006080000100200000070004009008060030040021070200000300005008005000600980000050
003006080000100200000070004009008060030040021070200000300005000005000600980060050
003006080000100200000070004009008060030040021070200000300005000005000600980000053
003006080000100200000070014009008060030040001070200000360005000005000600980000050
003006080000100200000070014009008060030040001070200000300005100005000600980000050
003006080000100200000070004009008060030047001070200040300005000005000600980000050
003006080000100200000070004009008060030047001070200800300005000005000600980000050
003006080000100200000070004009008060030047001070200000360005000005000600980000050
003006080000100200000070004009008060030047001070200000300005008005000600980000050
003006080000100200000070004009008060030047001070200000300005000005000600980700050
003006080000100200000070004009008060030047001070200000300005000005000600980000053
003006080000100200000070004009008067030047001070200000300005000005000600980000050
003006080000100200000070004009008067030040001070200000360005000005000600980000050
003006080000100200000070004009008060030040001070200040360005000005000600980000050
003006080000100200000070004009008060030040001070200040300905000005000600980000050
003006080000100200000070004009008060030040001070200800360005000005000600980000050
003006080000100200000070004009008060030040001070200005360005000005000600980000050
003006080000100200000070004009008060030040001070200000360005100005000600980000050
003006080000100200000070004009008060030040001070200000360005008005000600980000050
003006080000100200000070004009008060030040001070200000360905000005000600980000050
003006080000100200000070004009008060030040001070200000360005000005000600980000053
003006080000100200000070004009008060030040001070200000360005000705000600980000050
003006080000100200000070004009008060030040001070200000300905008005000600980000050
003006080000100200000070004009008060030040001070200000300905000005000600980000053
003006080000100200000070004009008060030040001070200000300005008705000600980000050
003006080000100200000070004009008060030040001070200000300005000705000600980000053
003006080000100200000070004009008060030040001070200005300005008005000600980000050
003006080000100200000070004009008060030040001070200005300005000005000600980000053
003006080000100200000070004009008060030040001070200000300005008015000600980000050
003006080000100200000070004009008060030040001070200000300005008005000600980700050
003006080000100200000070004009008060030040001070200000300005008005000600980000053
003006080000100200000070004009008060030040001070200000300005000005000600980700053
700000400020070080003008009000506300060020090001007006000300900030040060009001035
